112 
   0.100000E-02   0.100000E-02   0.100000E-02   0.100000E-02
   0.580000E+01   0.320000E+01   0.260000E+01   0.110000E+02
   0.680000E+01   0.390000E+01   0.290000E+01   0.200000E+02
   0.810036E+01   0.448489E+01   0.337894E+01   0.200000E+02
   0.808799E+01   0.447752E+01   0.337677E+01   0.200000E+02
   0.807563E+01   0.447015E+01   0.337460E+01   0.200000E+02
   0.806327E+01   0.446278E+01   0.337242E+01   0.200000E+02
   0.805090E+01   0.445540E+01   0.337025E+01   0.200000E+02
   0.803850E+01   0.444800E+01   0.336808E+01   0.200000E+02
   0.802618E+01   0.444066E+01   0.336590E+01   0.200000E+02
   0.801382E+01   0.443329E+01   0.336373E+01   0.200000E+02
   0.800145E+01   0.442592E+01   0.336156E+01   0.200000E+02
   0.856087E+01   0.464460E+01   0.343637E+01   0.200000E+02
   0.859935E+01   0.465860E+01   0.344832E+01   0.200000E+02
   0.863783E+01   0.467260E+01   0.346026E+01   0.200000E+02
   0.867630E+01   0.468660E+01   0.347220E+01   0.200000E+02
   0.871478E+01   0.470060E+01   0.348414E+01   0.200000E+02
   0.875326E+01   0.471460E+01   0.349609E+01   0.200000E+02
   0.879173E+01   0.472860E+01   0.350803E+01   0.200000E+02
   0.883021E+01   0.474260E+01   0.351997E+01   0.200000E+02
   0.886869E+01   0.475660E+01   0.353192E+01   0.200000E+02
   0.913904E+01   0.493540E+01   0.372501E+01   0.200000E+02
   0.924143E+01   0.499375E+01   0.375021E+01   0.200000E+02
   0.934382E+01   0.505209E+01   0.377542E+01   0.200000E+02